a : -0.8845511287682007
b : -1.8118361254929298
c : -1.4260735882921662
d : -1.3801603925186234
e : -0.918112159983513
f : -2.0458902566401376
g : -1.8206358034680794
h : -1.7785827664278824
i : -1.231647797924443
j : -1.885813851792222
k : -2.334131806766934
l : -1.300519890243332
m : -1.4563060191592117
n : -1.2103565852852796
o : -1.0403711937710367
p : -1.5357063437555003
q : -1.9153187932046072
r : -1.2106929908628725
s : -1.1790753982074307
t : -1.2789300498759018
u : -1.4015915609338352
v : -1.8522935756954955
w : -2.657545188187216
x : -2.5009061049126307
y : -1.883263275727119
z : -2.2539354582347944
