a : -0.876763372185048
b : -1.8438356698438658
c : -1.43473486285888
d : -1.3417121461541477
e : -0.9305265176702361
f : -1.960129181058598
g : -1.826272379921787
h : -1.8592726400247124
i : -1.225870636052922
j : -1.9918982052993035
k : -2.578718230070529
l : -1.4782288466756057
m : -1.4122166635488782
n : -1.2108484270358433
o : -0.9581514341917334
p : -1.5141311594094893
q : -1.8812483808769183
r : -1.2105275592843407
s : -1.1549076038019874
t : -1.301939596058755
u : -1.405130116168652
v : -1.8578463842866804
w : -2.660904986257879
x : -2.030392362577712
y : -2.6431762192974473
z : -2.2665992622409354
