a : -0.8889318871767485
b : -1.7542222415407058
c : -1.3883732435951615
d : -1.4326181195618408
e : -0.9640598693702002
f : -1.876974315998254
g : -1.7400839588552304
h : -1.8380562499678843
i : -1.1774230564134303
j : -2.026736636331586
k : -2.4726192057235625
l : -1.2226143920920634
m : -1.447746096289234
n : -1.228236872211888
o : -1.2017116614798362
p : -1.4589543178808688
q : -1.9776163800255069
r : -1.1594697458172778
s : -1.1712073007734403
t : -1.1352038635796198
u : -1.438347218557
v : -1.8249609518777365
w : -2.570804680681862
x : -2.200552905994898
y : -2.2487374764702124
z : -2.555124476396699
