a : -1.0852471988648986
b : -1.603396863198893
c : -1.5219328550918683
d : -1.5355192147138375
e : -0.9849973202606784
f : -1.731897765283473
g : -1.6777301840201764
h : -1.3644487570332071
i : -1.1476194271427076
j : -1.9572993617045293
k : -1.8362556689797538
l : -1.3357151001137673
m : -1.520512198012469
n : -1.2203340388070776
o : -1.1038619091567852
p : -1.5690839405767398
q : -2.605116843593167
r : -1.2871860973909846
s : -1.2203340388070776
t : -1.041221588563055
u : -1.486951883494202
v : -1.8919064001425379
w : -1.686371098263657
x : -2.3325753857406233
y : -1.5813093332360548
z : -2.203060268726297
