a : -0.8640834707654557
b : -1.9011242148848004
c : -1.5195807804663124
d : -1.3631021310338634
e : -0.931974659167137
f : -1.8877238665409986
g : -1.8123758975946735
h : -1.6741028633389192
i : -1.2450304309011941
j : -2.159852769080938
k : -2.2681680363793486
l : -1.5788096278889732
m : -1.2591295153681012
n : -1.32909892985468
o : -0.9811548664300815
p : -1.5742600151051176
q : -1.8169681781075648
r : -1.1927307314655984
s : -1.126052605302819
t : -1.264363701881096
u : -1.3405069455239096
v : -1.7926028366453852
w : -2.735156828748897
x : -2.552738587088917
y : -2.75186252225175
z : -2.280455751056517
