a : -0.7779863388639467
b : -1.5463557684863887
c : -2.13041624774355
d : -1.5681742344646878
e : -0.9898920895833107
f : -2.3235408460980116
g : -1.5954577368695295
h : -1.8641483583387808
i : -1.0833245180938105
j : -1.8561794286675055
k : -1.3731759917218886
l : -1.5339601339335862
m : -1.7920619290557567
n : -1.1745271221822855
o : -1.143989054932824
p : -1.7422360763606688
q : -2.693452131169806
r : -1.165580664806801
s : -1.5784660545159543
t : -1.1065836387369148
u : -1.2890460802485364
v : -2.6671231924474568
w : -2.8763828147557926
x : -1.9481821071808179
y : -2.379058173947843
z : -1.420450859106068
